0.5 1.5
0.511554 1.50486
0.523132 1.50991
0.534736 1.51514
0.546366 1.52056
0.558022 1.52615
0.569707 1.53193
0.581421 1.53788
0.593164 1.54401
0.604938 1.55031
0.616743 1.55678
0.62858 1.56341
0.64045 1.5702
0.652352 1.57715
0.664289 1.58426
0.676259 1.59153
0.688264 1.59894
0.700304 1.6065
0.71238 1.6142
0.724491 1.62204
0.736639 1.63002
0.748822 1.63813
0.761042 1.64636
0.773298 1.65473
0.785592 1.66321
0.797921 1.67181
0.810288 1.68052
0.822692 1.68933
0.835132 1.69826
0.847609 1.70728
0.860122 1.71639
0.872672 1.7256
0.885258 1.73489
0.897881 1.74426
0.910539 1.75371
0.923233 1.76324
0.935962 1.77282
0.948727 1.78247
0.961526 1.79218
0.97436 1.80194
0.987228 1.81175
1.00013 1.8216
1.01307 1.83149
1.02603 1.8414
1.03904 1.85135
1.05207 1.86132
1.06513 1.8713
1.07823 1.88129
1.09136 1.89129
1.10452 1.90129
1.11771 1.91128
1.13093 1.92127
1.14417 1.93124
1.15745 1.94118
1.17075 1.9511
1.18409 1.96099
1.19745 1.97084
1.21083 1.98065
1.22424 1.99041
1.23768 2.00011
1.25115 2.00976
1.26464 2.01934
1.27815 2.02885
1.29169 2.03829
1.30525 2.04765
1.31883 2.05692
1.33244 2.0661
1.34607 2.07518
1.35972 2.08417
1.37339 2.09304
1.38708 2.10181
1.40079 2.11046
1.41452 2.11899
1.42827 2.12739
1.44204 2.13566
1.45583 2.1438
1.46964 2.1518
1.48346 2.15965
1.4973 2.16735
1.51116 2.1749
1.52504 2.18229
1.53893 2.18952
1.55283 2.19658
1.56675 2.20347
1.58069 2.21019
1.59464 2.21673
1.6086 2.22308
1.62258 2.22925
1.63657 2.23523
1.65057 2.24102
1.66459 2.24661
1.67862 2.252
1.69266 2.25719
1.70671 2.26217
1.72077 2.26694
1.73485 2.2715
1.74893 2.27585
1.76303 2.27998
1.77713 2.28388
1.79124 2.28757
1.80537 2.29103
1.8195 2.29427
1.83364 2.29728
1.84779 2.30006
1.86194 2.3026
1.87611 2.30492
1.89028 2.307
1.90446 2.30884
1.91864 2.31045
1.93284 2.31181
1.94704 2.31294
1.96124 2.31383
1.97545 2.31448
1.98967 2.31489
2.00389 2.31506
2.01812 2.31499
2.03235 2.31467
2.04659 2.31412
2.06083 2.31332
2.07507 2.31229
2.08932 2.31101
2.10358 2.3095
2.11783 2.30775
2.13209 2.30576
2.14636 2.30353
2.16062 2.30107
2.17489 2.29838
2.18916 2.29546
2.20344 2.2923
2.21771 2.28892
2.23199 2.28531
2.24627 2.28147
2.26056 2.27742
2.27484 2.27314
2.28913 2.26865
2.30341 2.26394
2.3177 2.25902
2.33199 2.25389
2.34628 2.24856
2.36057 2.24302
2.37486 2.23728
2.38915 2.23135
2.40344 2.22522
2.41773 2.2189
2.43203 2.2124
2.44632 2.20572
2.46061 2.19885
2.4749 2.19182
2.48919 2.18461
2.50348 2.17724
2.51777 2.16971
2.53206 2.16202
2.54635 2.15417
2.56064 2.14618
2.57493 2.13805
2.58921 2.12978
2.6035 2.12137
2.61779 2.11283
2.63207 2.10418
2.64635 2.0954
2.66063 2.08651
2.67491 2.07751
2.68919 2.06841
2.70347 2.05921
2.71775 2.04992
2.73203 2.04054
2.7463 2.03108
2.76058 2.02154
2.77485 2.01193
2.78912 2.00226
2.80339 1.99253
2.81766 1.98275
2.83193 1.97292
2.8462 1.96305
2.86047 1.95314
2.87473 1.94321
2.889 1.93324
2.90326 1.92326
2.91753 1.91327
2.93179 1.90327
2.94605 1.89327
2.96031 1.88328
2.97458 1.8733
2.98884 1.86333
3.0031 1.85339
3.01736 1.84347
3.03162 1.83359
3.04589 1.82375
3.06015 1.81396
3.07441 1.80422
3.08867 1.79453
3.10294 1.78491
3.1172 1.77536
3.13147 1.76588
3.14573 1.75649
3.16 1.74718
3.17427 1.73796
3.18854 1.72884
3.20281 1.71982
3.21708 1.71091
